%YAML:1.0
---
homography: !!opencv-matrix
   rows: 3
   cols: 3
   dt: d
   data: [ -1.9960302501240723e-04, -8.4000340703844235e-06,
       2.1704274684472494e-01, 1.4682452941841513e-04,
       3.9989917987338951e-04, -5.6551366806159742e-01,
       -2.6665140746977983e-04, -3.6995686277027770e-04, 1. ]
point: [ 6.35949746e-02, -4.91832614e-01 ]
