%YAML:1.0
---
homography: !!opencv-matrix
   rows: 3
   cols: 3
   dt: d
   data: [ -3.4004252690865287e-04, -9.7901189422951181e-06,
       3.6825188913321771e-01, -2.0764096597439930e-04,
       8.5033390902406521e-04, -6.6210657880515544e-01,
       5.9204991644966408e-04, -9.4509652657036184e-04,
       9.9999999999999989e-01 ]
point: [ 5.76702282e-02, -4.85250980e-01 ]
